3999999983616
8779890425856
55365148672
274877906944
4246080585728
6708400226304
3331887988736
5360382377984
6347497144320
37897187328
3765920595968
7481658441728
6708400226304
#ID:1
3999999983616
8779890425856
62499999744
274877906944
4246080585728
6708400226304
3331887988736
5360382377984
6347497144320
37897187328
3765920595968
7481658441728
6708400226304
#ID:2
3999999983616
8779890425856
70385147904
274877906944
4246080585728
6708400226304
3331887988736
5360382377984
6347497144320
37897187328
3765920595968
7481658441728
6708400226304
#ID:3
3999999983616
8779890425856
79082438656
274877906944
4246080585728
6708400226304
3331887988736
5360382377984
6347497144320
37897187328
3765920595968
7481658441728
6708400226304
#ID:4
3999999983616
8779890425856
88657444864
274877906944
4246080585728
6708400226304
3331887988736
5360382377984
6347497144320
37897187328
3765920595968
7481658441728
6708400226304
#ID:5
3999999983616
8779890425856
99179642880
274877906944
4246080585728
6708400226304
3331887988736
5360382377984
6347497144320
37897187328
3765920595968
7481658441728
6708400226304
#ID:6
3331887988736
3999999983616
6708400226304
5360382377984
7086244102144
274877906944
4246080585728
6708400226304
3331887988736
5360382377984
6347497144320
37897187328
3765920595968
7481658441728
6708400226304
#ID:7
3331887988736
3999999983616
6708400226304
5360382377984
7086244102144
#ID:8